Date       UT   *  R.A. (J2000) Decl.  Elong.  V        Motion      Uncertainty
            h                                        "/min   P.A.
2025 08 20 11     21 28 25.0 +25 24 23 141.5  22.2    0.67  243.4   Map/Offsets
2025 08 20 12     21 28 22.4 +25 24 06 141.5  22.2    0.67  243.3   Map/Offsets
2025 08 20 13     21 28 19.7 +25 23 47 141.5  22.2    0.67  243.2   Map/Offsets
2025 08 20 14     21 28 17.1 +25 23 29 141.5  22.2    0.67  243.1   Map/Offsets
2025 08 20 15     21 28 14.5 +25 23 11 141.5  22.2    0.67  243.0   Map/Offsets
2025 08 20 16     21 28 11.8 +25 22 53 141.6  22.2    0.67  242.9   Map/Offsets
2025 08 20 17     21 28 09.2 +25 22 35 141.6  22.2    0.67  242.8   Map/Offsets
2025 08 20 18     21 28 06.5 +25 22 16 141.6  22.2    0.67  242.7   Map/Offsets
2025 08 20 19     21 28 03.9 +25 21 58 141.6  22.2    0.67  242.6   Map/Offsets
2025 08 20 20     21 28 01.3 +25 21 39 141.6  22.2    0.67  242.5   Map/Offsets
2025 08 20 21     21 27 58.6 +25 21 20 141.6  22.2    0.67  242.4   Map/Offsets
2025 08 20 22     21 27 56.0 +25 21 02 141.6  22.2    0.67  242.3   Map/Offsets
2025 08 20 23     21 27 53.3 +25 20 43 141.6  22.2    0.67  242.2   Map/Offsets
2025 08 21 00     21 27 50.7 +25 20 24 141.6  22.2    0.67  242.1   Map/Offsets
2025 08 21 01     21 27 48.1 +25 20 05 141.6  22.2    0.67  241.9   Map/Offsets
2025 08 21 02     21 27 45.4 +25 19 46 141.6  22.2    0.67  241.8   Map/Offsets
2025 08 21 03     21 27 42.8 +25 19 27 141.7  22.2    0.68  241.7   Map/Offsets
2025 08 21 04     21 27 40.2 +25 19 08 141.7  22.2    0.68  241.6   Map/Offsets
2025 08 21 05     21 27 37.6 +25 18 48 141.7  22.2    0.68  241.5   Map/Offsets
2025 08 21 06     21 27 34.9 +25 18 29 141.7  22.2    0.68  241.4   Map/Offsets
2025 08 21 07     21 27 32.3 +25 18 09 141.7  22.2    0.68  241.3   Map/Offsets
2025 08 21 08     21 27 29.7 +25 17 50 141.7  22.2    0.68  241.2   Map/Offsets
2025 08 21 09     21 27 27.0 +25 17 30 141.7  22.2    0.68  241.1   Map/Offsets
2025 08 21 10     21 27 24.4 +25 17 11 141.7  22.2    0.68  241.0   Map/Offsets
2025 08 21 11     21 27 21.8 +25 16 51 141.7  22.2    0.68  240.9   Map/Offsets